[[[ 33  21 211]
  [ 32  18 209]
  [ 31  17 209]
  ...
  [217 108 205]
  [216 108 204]
  [218 111 205]]

 [[ 32  19 210]
  [ 33  22 210]
  [ 33  23 209]
  ...
  [218 111 205]
  [217 110 205]
  [217 109 203]]

 [[ 33  21 210]
  [ 33  20 210]
  [ 32  18 208]
  ...
  [218 112 204]
  [217 110 205]
  [216 109 204]]

 ...

 [[ 62  57  27]
  [ 66  59  30]
  [ 65  60  30]
  ...
  [ 49  70  60]
  [ 49  70  59]
  [ 52  73  61]]

 [[ 67  62  27]
  [ 66  60  30]
  [ 64  59  28]
  ...
  [ 52  73  62]
  [ 51  73  61]
  [ 53  74  63]]

 [[ 41  35  31]
  [ 59  55  26]
  [ 65  60  26]
  ...
  [ 51  74  62]
  [ 52  74  62]
  [ 52  74  62]]]